Train_loss
[0.5574452211239868, 0.3214980484275886, 0.23153059550298205, 0.1989811434566742, 0.17421862417626133, 0.15642009936854417, 0.14003422130044593, 0.12697024186843006, 0.11555225043515197, 0.10454086847336883, 0.09398785852905853, 0.08523578341306709, 0.0770653816974287, 0.06875678728502946, 0.062196696682449225, 0.05512354831709024, 0.04945510748128306, 0.044526216817289466, 0.03998865139224386, 0.03555451351779868]

Train_acc
[0.6992441415786743, 0.866506814956665, 0.9038524031639099, 0.9214076399803162, 0.9336801171302795, 0.9422951936721802, 0.9481875896453857, 0.9535110592842102, 0.9567620158195496, 0.962410569190979, 0.9666774868965149, 0.9698472023010254, 0.9732607007026672, 0.9767554998397827, 0.978787362575531, 0.9820789694786072, 0.9839076399803162, 0.9852080345153809, 0.9867522716522217, 0.9891498684883118]

Test_loss
[0.3455014458264817, 0.20097159943543375, 0.20053919760340994, 0.22328092107041317, 0.23196709021100437, 0.2041781442557377, 0.19912862549641763, 0.21148284324656494, 0.24756701983278617, 0.24032905777725813, 0.2592047340797514, 0.2413698886018458, 0.2664085616468748, 0.2743263811121737, 0.28667586623884167, 0.320728995249903, 0.36082585414194246, 0.35024519241679547, 0.3378237858255902, 0.3696519083036533]

Test_acc
[0.8967111110687256, 0.9233778119087219, 0.9315555691719055, 0.9164444804191589, 0.9132444262504578, 0.9315555691719055, 0.9338666796684265, 0.9344000220298767, 0.9196444749832153, 0.9226666688919067, 0.9157333374023438, 0.9329777956008911, 0.9196444749832153, 0.9233778119087219, 0.9274666905403137, 0.9157333374023438, 0.9168000221252441, 0.9194666743278503, 0.9255111217498779, 0.9235555529594421]

